P	3	2	2	6	6	6	6	6	6	3	46	1
P	5	2	5	5	3	2	4	2	5	5	38	1
P	3	2	1	4	3	1	1	3	2	2	22	0
P	4	3	2	4	5	2	3	3	4	2	32	0
L	4	2	2	4	2	2	4	3	5	4	32	0
P	5	3	1	1	1	1	3	2	1	1	19	0
P	5	6	2	5	6	5	4	3	6	5	47	1
P	2	2	3	2	2	2	2	2	2	3	22	0
P	4	3	4	6	4	3	4	5	5	5	43	1
L	5	3	2	5	4	3	1	4	3	4	34	1
P	5	2	5	2	2	3	4	1	5	3	32	0
P	4	2	3	3	2	2	3	3	5	5	32	0
P	2	4	5	6	2	2	2	2	4	5	34	1
P	5	4	2	4	4	4	3	3	4	5	38	1
P	6	2	1	3	4	3	5	5	5	4	38	1
L	4	3	1	3	2	2	4	3	3	4	29	0
L	4	4	4	4	4	4	3	4	4	4	39	1
P	5	6	2	5	2	2	2	2	4	2	32	0
P	5	5	5	6	5	6	5	5	5	5	52	1
P	5	4	2	5	5	4	4	5	5	5	44	1
L	6	3	2	4	2	1	1	5	3	1	28	0
P	3	4	4	3	4	4	3	5	4	5	39	1
P	4	6	3	5	4	3	5	4	6	5	45	1
P	5	2	2	4	4	5	5	3	5	5	40	1
P	3	4	2	4	3	4	4	4	4	4	36	1
P	6	5	5	2	4	1	2	1	5	2	33	1
P	4	4	2	3	3	4	5	2	4	6	37	1
L	6	3	2	3	5	3	1	6	6	5	40	1
P	2	2	2	4	4	3	2	3	4	1	27	0
P	5	5	3	4	4	3	3	4	5	4	40	1
L	4	5	6	5	2	2	3	3	5	2	37	1
L	5	3	2	5	3	2	3	3	5	6	37	1
L	2	5	2	5	2	1	2	5	5	2	31	1
P	5	5	5	6	5	4	6	5	6	5	52	1
P	6	5	5	4	1	2	1	5	2	2	33	1
P	4	2	2	4	2	3	4	4	5	3	33	1
L	5	3	3	2	5	5	3	5	5	3	39	1
P	1	3	2	4	4	2	3	3	3	2	27	0
P	4	5	6	5	5	4	4	4	5	5	47	1
L	2	4	4	4	2	3	2	3	4	3	31	1
P	3	5	3	6	5	3	5	5	5	2	42	1
L	2	1	1	2	2	2	2	2	2	2	18	0
P	5	4	5	3	4	4	3	5	4	5	42	1
P	3	3	5	4	2	2	1	5	4	2	31	0
P	4	3	2	5	2	2	4	2	5	2	31	0
P	3	3	5	5	3	3	5	4	5	4	40	1
P	4	2	6	6	2	2	2	4	5	3	36	1
P	3	2	1	5	3	2	4	5	5	5	35	1
P	3	2	2	5	5	5	5	5	3	4	39	1
P	2	4	3	6	4	1	4	5	4	1	34	1
P	4	5	2	2	2	2	2	4	5	5	33	1
L	3	4	4	2	3	3	4	3	2	5	33	1
P	5	1	2	1	1	1	2	2	2	2	19	0
P	2	2	2	4	2	4	4	3	4	2	29	0
P	2	3	3	5	3	3	3	3	5	3	33	1
P	5	2	3	6	3	3	4	3	6	4	39	1
P	3	1	1	5	3	5	3	5	3	5	34	1
P	5	3	4	3	2	3	3	2	5	4	34	1
P	3	3	5	5	3	3	5	4	5	4	40	1
P	6	4	2	5	3	2	4	3	5	3	37	1
L	4	3	4	5	5	5	4	5	4	5	44	1
P	2	2	2	5	3	2	2	5	4	4	31	0
P	4	4	2	3	1	2	1	1	4	3	25	0
P	4	4	3	4	2	2	3	3	4	4	33	1
P	2	1	2	2	3	1	4	1	3	2	21	0
L	4	4	5	4	3	3	4	3	5	3	38	1
P	4	2	4	5	2	2	4	2	4	5	34	1
P	4	2	1	4	3	2	3	3	4	4	30	0
L	4	5	5	2	5	2	2	3	1	6	35	1
L	2	2	2	2	2	2	2	2	5	2	23	0
L	3	5	1	6	6	5	5	5	4	6	46	1
L	5	2	2	6	4	3	5	3	5	6	41	1
P	5	4	4	5	4	2	4	3	4	6	41	1
P	4	3	4	3	1	2	4	2	5	5	33	1
P	5	4	4	5	3	2	5	2	5	4	39	1
P	3	5	5	1	3	3	3	3	5	5	36	1
P	3	2	4	5	2	2	3	5	6	5	37	1
P	4	5	3	6	6	6	6	3	6	6	51	1
P	1	2	3	2	2	3	5	5	2	5	30	0
P	4	2	3	4	3	4	2	4	4	5	35	1
L	4	4	5	4	3	2	3	2	4	4	35	1
L	4	2	2	3	3	3	3	2	5	3	30	0
P	1	2	2	4	2	2	2	2	4	3	24	0
P	4	4	3	2	1	4	3	4	5	4	34	1
P	5	2	4	5	5	4	3	4	4	3	39	1
P	1	1	1	2	2	1	1	1	1	1	12	0
P	6	1	3	5	5	3	3	5	2	1	34	1
P	4	2	2	5	3	2	3	3	2	3	29	0
P	5	2	2	2	2	2	2	2	2	2	23	0
P	5	3	3	2	1	2	1	3	4	3	27	0
L	5	2	4	5	6	2	3	1	3	5	36	1
P	5	5	3	4	3	4	4	5	5	5	43	1
P	2	2	2	2	2	3	1	2	4	2	22	0
P	4	5	1	6	4	3	5	5	6	3	42	1
P	6	3	1	6	2	4	2	3	2	3	32	0
P	3	5	4	6	5	3	3	5	4	4	42	1
P	4	5	1	3	2	1	2	2	4	5	29	0
P	3	1	4	4	4	3	3	4	4	4	34	1
P	5	4	4	4	3	3	4	3	5	3	38	1
L	5	4	1	4	4	3	4	4	4	2	35	1
P	3	2	1	3	3	2	4	5	4	2	29	0
P	1	1	1	2	1	1	1	3	3	1	15	0
L	2	2	2	1	3	2	5	5	2	5	29	0
P	2	4	4	6	6	6	6	4	6	4	48	1
P	4	5	2	4	3	2	3	5	5	2	35	1
P	5	4	4	6	6	6	5	5	6	2	49	1
L	4	4	2	4	3	3	3	4	4	4	35	1
P	5	1	3	6	5	5	5	5	4	4	43	1
L	4	2	4	2	3	1	1	1	1	1	20	0
P	2	2	2	6	4	4	6	6	6	2	40	1
L	4	5	2	5	4	2	3	2	4	2	33	1
P	3	2	2	2	2	3	2	5	4	2	27	0
P	3	1	4	5	4	2	6	4	3	3	35	1
L	2	2	1	3	3	4	3	2	3	3	26	0
P	2	1	6	4	2	2	1	3	3	1	25	0
L	4	2	5	6	1	1	3	2	1	3	28	0
P	2	2	5	5	3	2	4	4	4	5	36	1
P	3	1	4	5	3	3	4	4	4	5	36	1
L	5	4	1	3	3	2	3	6	5	5	37	1
L	3	4	3	2	1	2	1	5	5	3	29	0
L	2	2	4	2	2	2	2	4	3	4	27	0
P	4	2	2	6	5	5	4	5	4	6	43	1
P	5	5	3	5	5	4	3	3	5	2	40	1
P	4	4	5	1	5	5	5	5	4	4	42	1
L	4	3	2	4	2	2	1	2	4	3	27	0
P	3	3	4	3	5	4	4	5	4	4	39	1
P	4	4	4	5	4	4	4	3	4	4	40	1
L	6	6	1	4	1	5	1	6	4	6	40	1
P	5	2	1	1	1	1	4	3	1	5	24	0
P	5	3	4	5	2	3	2	3	4	4	35	1
L	3	1	4	3	4	1	1	1	6	2	26	0
L	3	1	2	2	2	2	2	4	4	3	25	0
P	3	3	2	5	5	3	2	3	4	4	34	1
P	6	2	4	6	3	3	6	3	3	5	41	1
P	3	1	2	4	3	3	3	4	5	6	34	1
L	1	2	2	4	2	3	1	3	2	6	26	0
P	3	3	3	5	4	4	3	3	4	4	36	1
P	5	2	2	6	3	4	3	3	5	3	36	1
P	4	6	4	5	4	3	2	3	3	2	36	1
L	5	3	2	6	4	1	3	6	6	1	37	1
P	1	2	1	2	2	2	5	1	2	1	19	0
P	2	2	2	1	2	2	2	1	2	2	18	0
P	4	2	2	5	1	2	3	2	2	2	25	0
L	3	3	3	5	4	4	3	4	3	5	37	1
P	3	4	2	6	3	2	3	4	5	5	37	1
L	1	1	1	1	1	1	1	2	1	2	12	0
L	3	2	3	5	1	2	1	2	1	5	25	0
P	5	4	3	4	4	3	3	2	4	4	36	1
P	2	1	3	3	1	2	4	2	3	2	23	0
P	5	4	4	5	3	4	4	4	5	5	43	1
L	3	2	2	3	4	3	3	2	2	2	26	0
L	4	3	2	3	2	2	2	5	4	4	31	1
P	4	3	1	5	2	4	4	5	5	5	38	1
P	2	2	2	3	2	2	3	2	4	1	23	0
P	4	2	2	5	4	2	5	3	5	4	36	1
P	4	3	4	4	2	2	4	2	2	4	31	0
P	4	3	2	4	4	3	3	3	4	4	34	1
P	4	1	2	4	2	1	3	3	4	5	29	0
P	6	2	5	5	4	2	5	4	6	6	45	1
L	1	2	3	4	2	2	1	3	4	5	27	0
P	6	5	4	4	3	2	4	3	4	5	40	1
P	5	5	5	2	5	2	5	5	1	3	38	1
L	4	3	2	3	2	2	2	4	3	2	27	0
P	4	3	2	4	3	3	4	4	5	4	36	1
P	6	5	4	1	4	5	3	3	6	6	43	1
L	3	2	1	3	5	3	4	5	5	3	34	1
P	4	5	5	5	5	3	2	2	2	1	34	1
P	5	5	2	5	3	3	3	3	3	3	35	1
P	5	4	3	4	3	4	2	3	5	4	37	1
L	3	4	1	6	4	2	1	4	3	2	30	0
P	4	4	5	5	4	3	4	4	5	5	43	1
L	5	4	3	5	4	4	4	4	4	5	42	1
P	3	2	4	5	3	2	3	5	4	5	36	1
P	3	2	3	6	4	3	2	3	4	3	33	1
L	5	5	5	6	5	5	4	2	6	6	49	1
L	1	1	1	4	4	4	1	4	4	3	27	0
P	4	3	2	4	4	3	3	2	3	4	32	0
L	5	1	2	3	3	3	3	3	4	3	30	0
L	5	4	2	4	2	4	3	2	6	2	34	1
P	2	2	4	3	5	4	2	3	3	2	30	0
P	2	2	4	5	5	3	5	4	3	2	35	1
P	5	4	3	3	2	2	3	2	4	3	31	0
P	2	3	2	3	2	2	3	3	3	2	25	0
P	4	3	6	3	3	3	4	4	6	3	39	1
P	4	2	5	4	4	2	2	2	5	5	35	1
P	4	4	1	4	2	3	2	5	4	3	32	0
L	4	2	4	5	2	3	4	5	5	5	39	1
P	5	5	4	6	3	2	3	3	4	5	40	1
P	5	3	2	4	2	4	3	3	4	4	34	1
P	3	3	2	5	3	3	3	5	3	3	33	1
P	3	3	4	3	2	3	3	1	5	5	32	0
P	4	5	5	5	5	5	2	5	5	4	45	1
L	5	3	2	5	5	5	4	4	5	2	40	1
P	5	5	4	3	5	5	5	4	5	5	46	1
L	5	5	5	3	5	2	1	2	3	5	36	1
L	5	3	5	3	4	4	3	3	4	4	38	1
P	2	1	2	5	2	2	3	5	5	4	31	0
L	5	5	5	3	4	3	5	3	5	5	43	1
P	5	3	4	5	3	3	3	3	3	5	37	1
P	2	4	1	5	2	2	2	4	4	2	28	0
L	5	3	3	4	3	4	3	5	4	3	37	1
P	6	6	2	2	2	4	2	5	6	4	39	1
P	4	2	1	3	2	2	2	2	3	2	23	0
P	5	5	3	4	5	4	4	3	5	5	43	1
P	2	1	2	5	1	2	4	4	4	4	29	0
P	4	1	1	5	1	1	2	4	1	2	22	0
P	5	5	2	5	5	2	5	2	5	5	41	1
P	3	3	4	1	5	2	5	3	4	1	31	0
L	6	5	3	1	3	2	4	5	6	4	39	1
P	4	4	4	2	1	1	1	2	2	4	25	0
L	4	3	3	4	4	5	3	4	5	5	40	1
P	3	3	4	2	2	3	2	3	3	2	27	0
P	1	1	1	3	1	1	1	1	2	1	13	0
P	5	5	2	5	5	5	2	2	5	5	41	1
P	5	3	4	1	2	3	2	2	2	4	28	0
L	3	2	3	2	2	2	2	2	4	3	25	0
L	5	2	5	5	2	2	2	3	4	2	32	1
P	4	3	1	5	2	3	1	3	3	2	27	0
P	3	2	2	3	3	2	4	2	3	5	29	0
P	5	5	5	5	3	3	2	3	4	5	40	1
P	6	4	3	4	4	3	4	3	5	5	41	1
P	6	3	5	1	5	2	2	2	5	5	36	1
P	2	1	2	4	2	5	2	5	3	1	27	0
P	6	5	5	3	3	4	3	5	4	5	43	1
P	2	4	3	4	3	2	2	3	4	2	29	0
P	4	2	2	4	3	2	2	4	3	4	30	0
P	5	3	3	3	3	5	2	2	5	6	37	1
P	2	4	2	6	3	2	2	3	3	3	30	0
L	4	3	2	4	4	4	5	4	5	5	40	1
L	4	5	6	3	4	5	4	5	5	6	47	1
P	4	3	2	5	4	3	3	4	3	3	34	1
P	3	3	4	1	1	1	1	3	4	4	25	0
P	3	3	2	4	4	3	3	3	4	4	33	1
P	3	5	2	4	5	4	3	2	5	6	39	1
P	5	6	5	4	3	4	3	5	6	6	47	1
L	4	5	2	5	2	2	2	3	4	5	34	1
L	3	2	2	4	1	1	1	1	2	1	18	0
P	3	3	3	3	3	3	3	2	1	2	26	0
L	6	3	4	3	6	5	3	5	5	5	45	1
P	5	5	4	5	3	2	2	5	3	2	36	1
P	4	2	2	5	4	5	5	2	4	2	35	1
L	2	1	3	1	2	2	1	4	3	4	23	0
P	5	4	2	5	3	2	3	2	3	5	34	1
P	4	4	3	5	5	4	5	4	5	5	44	1
P	1	2	5	5	6	5	4	5	6	3	42	1
L	2	6	2	4	5	4	2	3	2	2	32	0
P	2	2	5	5	5	4	4	4	4	1	36	1
P	4	4	2	6	2	1	5	1	6	1	32	0
L	1	3	2	4	4	3	4	2	5	4	32	1
P	3	4	2	1	3	2	3	4	5	4	31	0
P	3	3	3	2	3	2	2	2	2	3	25	0
L	2	2	4	6	6	4	3	1	1	3	32	1
P	4	3	4	3	3	2	2	4	4	2	31	0
P	4	1	4	1	1	1	1	2	4	2	21	0
L	4	4	6	6	5	5	4	3	6	5	48	1
L	4	5	3	3	4	5	3	2	3	3	35	1
P	4	3	1	1	4	1	1	3	6	4	28	0
L	4	4	4	4	5	3	4	3	5	6	42	1
P	5	4	3	4	3	4	2	3	5	5	38	1
P	3	4	1	4	5	4	2	3	4	5	35	1
P	3	3	3	3	4	3	3	4	5	4	35	1
P	6	3	3	6	5	3	5	5	6	5	47	1
L	3	3	3	2	3	5	4	3	3	5	34	1
P	3	4	4	1	6	3	4	5	5	3	38	1
P	2	2	3	4	4	4	2	3	2	4	30	0
L	6	3	1	5	1	1	5	3	6	1	32	1
P	5	5	4	5	6	6	6	6	5	6	54	1
L	3	1	4	3	3	4	5	5	5	3	36	1
L	3	3	3	2	1	4	3	3	3	3	28	0
L	3	3	4	4	1	1	5	2	2	4	29	0
P	5	4	5	2	3	3	3	4	4	3	36	1
P	4	5	4	4	2	2	3	2	4	3	33	1
L	5	6	3	5	1	2	3	2	5	6	38	1
P	3	1	4	5	4	4	2	3	4	5	35	1
P	5	4	4	2	2	2	3	2	2	3	29	0
P	4	3	2	5	3	1	3	2	3	5	31	0
P	4	3	2	3	2	2	2	4	4	3	29	0
P	2	3	1	5	3	1	1	1	4	4	25	0
L	4	3	3	4	4	3	3	3	4	4	35	1
L	3	3	5	3	4	4	3	5	5	3	38	1
P	2	2	2	5	4	3	4	4	4	3	33	1
P	4	2	5	2	2	2	3	2	5	4	31	0
P	2	4	4	4	2	2	2	2	5	2	29	0
L	4	2	1	1	6	4	6	5	5	2	36	1
P	4	4	3	2	2	1	1	2	4	4	27	0
P	5	2	4	5	3	3	3	3	4	2	34	1
P	5	2	6	4	5	1	3	1	5	4	36	1
L	3	3	2	2	3	4	1	2	3	2	25	0
P	3	1	1	1	1	1	2	1	2	1	14	0
L	1	2	5	2	3	6	1	2	2	1	25	0
P	6	6	4	4	3	3	4	4	4	2	40	1
L	3	5	4	3	2	2	4	3	4	4	34	1
P	3	3	4	2	3	3	4	3	4	3	32	0
L	2	5	2	2	2	2	2	2	3	4	26	0
P	5	6	6	6	6	5	6	6	6	6	58	1
L	3	6	1	6	5	5	2	5	3	5	41	1
P	4	4	4	4	4	4	3	4	4	4	39	1
L	6	5	1	2	4	5	4	4	5	5	41	1
P	4	5	4	3	4	3	3	3	2	3	34	1
P	5	3	4	5	5	4	2	5	5	4	42	1
L	3	2	5	3	2	4	3	3	2	3	30	0
P	4	5	4	3	1	1	2	4	2	1	27	0
P	6	4	5	6	4	3	3	4	5	6	46	1
L	3	5	2	3	2	2	4	4	5	5	35	1
P	5	2	4	5	4	2	2	5	6	5	40	1
L	3	2	3	2	2	2	2	3	4	4	27	0
L	2	5	5	5	3	4	3	5	2	2	36	1
P	3	4	5	3	2	2	3	2	3	3	30	0
P	4	2	1	2	3	2	1	3	3	2	23	0
L	4	4	3	2	2	2	2	2	3	3	27	0
P	4	5	2	3	3	2	4	2	3	4	32	0
P	4	2	3	3	2	2	4	4	5	3	32	0
P	5	3	2	4	2	4	4	4	6	3	37	1
P	5	3	3	2	2	2	2	4	4	4	31	0
P	3	1	6	4	2	5	4	2	4	6	37	1
P	4	3	1	2	5	2	1	2	5	5	30	0
P	2	4	3	5	3	2	2	3	4	5	33	1
L	3	5	5	5	2	5	5	3	2	5	40	1
L	4	4	1	6	4	2	6	3	5	6	41	1
P	3	2	5	3	1	2	5	6	3	2	32	0
P	3	3	4	3	5	4	4	5	4	4	39	1
L	3	4	2	3	1	1	3	5	2	3	27	0
P	4	5	4	1	1	2	2	1	1	3	24	0
L	4	2	5	4	2	3	4	2	4	2	32	1
P	5	6	4	5	5	4	5	4	5	4	47	1
L	4	2	2	2	2	2	2	3	1	2	22	0
L	3	4	1	4	2	1	1	5	3	1	25	0
P	3	3	1	3	1	3	2	3	1	3	23	0
L	4	4	2	2	3	2	3	2	3	4	29	0
L	3	2	3	4	2	2	2	2	4	3	27	0
P	5	2	2	6	5	3	4	4	3	2	36	1
L	3	5	5	2	3	4	2	2	5	1	32	1
L	5	1	4	6	5	2	2	2	5	2	34	1
P	6	4	3	2	2	2	1	2	4	6	32	0
L	5	4	1	3	4	3	1	1	5	6	33	1
L	4	3	5	6	6	2	4	4	3	3	40	1
L	2	3	2	5	5	3	2	4	4	2	32	1
P	4	2	2	1	1	1	1	2	4	1	19	0
L	5	4	6	4	2	4	5	3	5	6	44	1
P	2	4	2	3	3	3	4	3	4	5	33	1
P	2	4	4	3	2	2	1	2	4	3	27	0
P	3	3	4	2	3	3	4	3	4	3	32	0
P	3	3	4	4	3	4	2	2	4	5	34	1
P	5	5	5	5	5	3	4	3	4	5	44	1
P	4	3	2	3	2	2	2	4	4	3	29	0
P	3	4	2	2	2	2	2	2	4	2	25	0
P	4	3	2	4	3	1	1	3	3	5	29	0
L	4	2	2	1	3	4	5	4	4	3	32	1
P	5	4	5	2	2	2	2	2	3	5	32	0
L	4	4	2	6	3	4	3	3	4	4	37	1
P	5	2	5	4	3	2	2	5	5	5	38	1
P	3	3	4	3	2	2	2	5	2	5	31	0
P	4	2	4	4	5	4	3	3	3	2	34	1
P	2	2	2	2	2	5	3	3	5	5	31	0
P	5	3	3	6	4	3	3	2	5	4	38	1
P	5	3	4	5	4	3	4	4	5	4	41	1
P	5	5	3	4	2	4	2	2	2	1	30	0
P	4	5	4	6	6	5	5	5	5	5	50	1
P	4	2	2	4	4	2	5	3	3	4	33	1
P	5	2	4	5	5	5	5	5	5	5	46	1
P	5	6	5	5	4	4	4	3	4	3	43	1
P	4	3	4	5	4	5	2	3	5	6	41	1
P	2	2	4	3	3	2	2	1	1	3	23	0
P	4	6	3	5	3	3	5	5	5	5	44	1
L	3	3	2	2	4	1	1	2	2	3	23	0
L	5	5	5	5	5	6	6	6	6	6	55	1
L	3	4	2	5	4	5	5	1	5	6	40	1
P	5	4	6	6	5	3	6	6	6	5	52	1
L	4	2	2	5	4	5	5	2	4	5	38	1
L	3	4	3	3	2	3	2	4	3	3	30	0
P	4	5	4	6	5	4	5	4	5	4	46	1
L	4	4	2	5	3	2	2	5	4	4	35	1
P	5	1	1	2	1	1	1	4	4	1	21	0
L	2	2	2	3	2	1	1	5	2	2	22	0
L	3	3	4	3	4	2	2	4	5	5	35	1
L	2	2	2	4	3	2	2	2	2	5	26	0
L	4	3	1	6	5	6	6	2	6	6	45	1
P	3	3	3	5	2	2	2	3	3	5	31	0
P	2	5	5	4	4	4	3	3	2	1	33	1
L	5	5	2	4	3	2	2	3	3	2	31	1
L	4	2	2	2	2	2	2	4	4	5	29	0
P	3	3	3	4	3	3	2	3	2	3	29	0
P	5	5	5	4	4	4	4	4	5	5	45	1
P	5	6	5	6	6	4	4	4	5	5	50	1
P	2	1	4	5	5	4	3	5	6	5	40	1
L	5	3	3	4	3	3	3	3	4	4	35	1
L	5	2	4	5	4	2	2	2	4	1	31	1
P	5	2	1	5	3	3	2	3	3	5	32	0
L	5	3	3	4	3	3	3	3	4	4	35	1
P	6	4	5	6	5	4	5	5	6	4	50	1
P	4	5	2	6	5	5	5	5	5	5	47	1
P	4	1	4	2	2	2	2	4	5	6	32	0
P	4	2	3	6	3	3	3	4	5	2	35	1
P	2	1	2	2	3	3	2	4	4	2	25	0
